50.4521,3.9602,1.83,0,0,0,10:16:43
50.4521,3.9602,1.83,0,0,0,10:16:43
50.4521,3.9602,1.83,4.10,0,0,10:16:43
50.4521,3.9602,1.83,4.10,0,0,10:16:43
50.4521,3.9602,1.83,4.10,0,0,10:16:43
50.4521,3.9602,1.83,4.10,0,0,10:16:43
50.4521,3.9602,1.83,4.10,0,0,10:16:43
50.4521,3.9602,1.83,4.10,0,0,10:16:43
50.4521,3.9602,1.83,4.10,0,0,10:16:44
50.4521,3.9602,1.83,4.10,0,0,10:16:44
50.4521,3.9602,1.83,4.10,0,0,10:16:44
50.4521,3.9602,1.83,4.10,0,0,10:16:44
50.4521,3.9602,1.83,4.10,0,0,10:16:44
50.4521,3.9602,1.83,4.10,0,0,10:16:44
50.4521,3.9602,1.83,4.10,0,0,10:16:44
50.4521,3.9602,1.83,4.10,0,0,10:16:44
50.4521,3.9602,1.83,4.10,0,0,10:16:45
50.4521,3.9602,1.83,4.10,0,0,10:16:45
50.4521,3.9602,1.83,4.10,0,0,10:16:45
50.4521,3.9602,1.83,4.10,0,0,10:16:45
50.4521,3.9602,1.83,4.10,0,0,10:16:45
50.4521,3.9602,1.83,4.10,0,0,10:16:45
50.4521,3.9602,1.83,4.10,0,0,10:16:45
50.4521,3.9602,1.83,4.10,0,0,10:16:45
50.4521,3.9602,1.83,4.10,0,0,10:16:46
50.4521,3.9602,1.83,4.10,0,0,10:16:46
50.4521,3.9602,1.83,4.10,0,0,10:16:46
50.4521,3.9602,1.83,4.10,0,0,10:16:46
50.4521,3.9602,1.83,4.10,0,0,10:16:46
50.4521,3.9602,1.83,4.10,0,0,10:16:46
50.4521,3.9602,1.83,4.10,0,0,10:16:46
50.4521,3.9602,1.83,4.10,0,0,10:16:46
50.4521,3.9602,1.83,4.10,0,0,10:16:47
50.4521,3.9602,1.83,4.10,0,0,10:16:47
50.4521,3.9602,1.83,4.10,0,0,10:16:47
50.4521,3.9602,1.83,4.10,0,0,10:16:47
50.4521,3.9602,1.83,4.10,0,0,10:16:47
50.4521,3.9602,1.83,4.10,0,0,10:16:47
50.4521,3.9602,1.83,4.10,0,0,10:16:47
50.4521,3.9602,1.83,4.10,0,0,10:16:47
50.4521,3.9602,1.83,4.10,0,0,10:16:48
50.4521,3.9602,1.83,4.10,0,0,10:16:48
50.4521,3.9602,1.83,4.10,0,0,10:16:48
50.4521,3.9602,1.83,4.10,0,0,10:16:48
50.4521,3.9602,1.83,4.10,0,0,10:16:48
50.4521,3.9602,1.83,4.10,0,0,10:16:48
50.4521,3.9602,1.83,4.10,0,0,10:16:48
50.4521,3.9602,1.83,4.10,0,0,10:16:48
50.4521,3.9602,1.83,4.10,0,0,10:16:49
50.4521,3.9602,1.83,4.10,0,0,10:16:49
50.4521,3.9602,1.83,4.10,0,0,10:16:49
50.4521,3.9602,1.83,4.10,0,0,10:16:49
50.4521,3.9602,1.83,4.10,0,0,10:16:49
50.4521,3.9602,1.83,4.10,0,0,10:16:49
50.4521,3.9602,1.83,4.10,0,0,10:16:49
50.4521,3.9602,1.83,4.10,0,0,10:16:49
50.4521,3.9602,1.83,4.10,0,0,10:16:50
50.4521,3.9602,1.83,4.10,0,0,10:16:50
50.4521,3.9602,1.83,4.10,0,0,10:16:50
50.4521,3.9602,1.83,4.10,0,0,10:16:50
50.4521,3.9602,1.83,4.10,0,0,10:16:50
50.4521,3.9602,1.83,4.10,0,0,10:16:50
50.4521,3.9602,1.83,4.10,0,0,10:16:50
50.4521,3.9602,1.83,4.10,0,0,10:16:50
50.4521,3.9602,1.83,4.10,0,0,10:16:51
50.4521,3.9602,1.83,4.10,0,0,10:16:51
50.4521,3.9602,1.83,4.10,0,0,10:16:51
50.4521,3.9602,1.83,4.10,0,0,10:16:51
50.4521,3.9602,1.83,4.10,0,0,10:16:51
50.4521,3.9602,1.83,4.10,0,0,10:16:51
50.4521,3.9602,1.83,4.10,0,0,10:16:51
50.4521,3.9602,1.83,4.10,0,0,10:16:51
50.4521,3.9602,1.83,4.10,0,0,10:16:52
50.4521,3.9602,1.83,4.10,0,0,10:16:52
50.4521,3.9602,1.83,4.10,0,0,10:16:52
50.4521,3.9602,1.83,4.10,0,0,10:16:52
50.4521,3.9602,1.83,4.10,0,0,10:16:52
50.4521,3.9602,1.83,4.10,0,0,10:16:52
50.4521,3.9602,1.83,4.10,0,0,10:16:52
50.4521,3.9602,1.83,4.10,0,0,10:16:52
50.4521,3.9602,1.83,4.10,0,0,10:16:53
50.4521,3.9602,1.83,4.10,0,0,10:16:53
50.4521,3.9602,1.83,4.10,0,0,10:16:53
50.4521,3.9602,1.83,4.10,0,0,10:16:53
50.4521,3.9602,1.83,4.10,0,0,10:16:53
50.4521,3.9602,1.83,4.10,0,0,10:16:53
50.4521,3.9602,1.83,4.10,0,0,10:16:53
50.4521,3.9602,1.83,4.10,0,0,10:16:53
50.4521,3.9602,1.83,4.10,0,0,10:16:54
50.4521,3.9602,1.83,4.10,0,0,10:16:54
50.4521,3.9602,1.83,4.10,0,0,10:16:54
50.4521,3.9602,1.83,4.10,0,0,10:16:54
50.4521,3.9602,1.83,4.10,0,0,10:16:54
50.4521,3.9602,1.83,4.10,0,0,10:16:54
50.4521,3.9602,1.83,4.10,0,0,10:16:54
50.4521,3.9602,1.83,4.10,0,0,10:16:54
50.4521,3.9602,1.83,4.10,0,0,10:16:55
50.4521,3.9602,1.83,4.10,0,0,10:16:55
50.4521,3.9602,1.83,4.10,0,0,10:16:55
50.4521,3.9602,1.83,4.10,0,0,10:16:55
50.4521,3.9602,1.83,4.10,0,0,10:16:55
50.4521,3.9602,1.83,4.10,0,0,10:16:55
50.4521,3.9602,1.83,4.10,0,0,10:16:55
50.4521,3.9602,1.83,4.10,0,0,10:16:55
50.4521,3.9602,1.83,4.10,0,0,10:16:56
50.4521,3.9602,1.83,4.10,0,0,10:16:56
50.4521,3.9602,1.83,4.10,0,0,10:16:56
50.4521,3.9602,1.83,4.10,0,0,10:16:56
50.4521,3.9602,1.83,4.10,0,0,10:16:56
50.4521,3.9602,1.83,4.10,0,0,10:16:56
50.4521,3.9602,1.83,4.10,0,0,10:16:56
50.4521,3.9602,1.83,4.10,0,0,10:16:56
50.4520,3.9601,2.56,4.10,0,0,10:16:57
50.4520,3.9601,2.56,4.10,0,0,10:16:57
50.4520,3.9601,2.56,30.20,0,0,10:16:57
50.4520,3.9601,2.56,30.20,0,0,10:16:57
50.4520,3.9601,2.56,30.20,0,0,10:16:57
50.4520,3.9601,2.56,30.20,0,0,10:16:57
50.4520,3.9601,2.56,30.20,0,0,10:16:57
50.4520,3.9601,2.56,30.20,0,0,10:16:57
50.4519,3.9600,3.56,30.20,0,0,10:16:58
50.4519,3.9600,3.56,30.20,0,0,10:16:58
50.4519,3.9600,3.56,26.00,0,0,10:16:58
50.4519,3.9600,3.56,26.00,0,0,10:16:58
50.4519,3.9600,3.56,26.00,0,0,10:16:58
50.4519,3.9600,3.56,26.00,0,0,10:16:58
50.4519,3.9600,3.56,26.00,0,0,10:16:58
50.4519,3.9600,3.56,26.00,0,0,10:16:58
50.4519,3.9600,2.72,26.00,0,0,10:16:59
50.4519,3.9600,2.72,26.00,0,0,10:16:59
50.4519,3.9600,2.72,24.30,0,0,10:16:59
50.4519,3.9600,2.72,24.30,0,0,10:16:59
50.4519,3.9600,2.72,24.30,0,0,10:16:59
50.4519,3.9600,2.72,24.30,0,0,10:16:59
50.4519,3.9600,2.72,24.30,0,0,10:16:59
50.4519,3.9600,2.72,24.30,0,0,10:16:59
50.4519,3.9600,6.89,24.30,0,0,10:17:0
50.4519,3.9600,6.89,24.30,0,0,10:17:0
50.4519,3.9600,6.89,22.50,0,0,10:17:0
50.4519,3.9600,6.89,22.50,0,0,10:17:0
50.4519,3.9600,6.89,22.50,0,0,10:17:0
50.4519,3.9600,6.89,22.50,0,0,10:17:0
50.4519,3.9600,6.89,22.50,0,0,10:17:0
50.4519,3.9600,6.89,22.50,0,0,10:17:0
50.4519,3.9599,4.17,22.50,0,0,10:17:1
50.4519,3.9599,4.17,22.50,0,0,10:17:1
50.4519,3.9599,4.17,22.30,0,0,10:17:1
50.4519,3.9599,4.17,22.30,0,0,10:17:1
50.4519,3.9599,4.17,22.30,0,0,10:17:1
50.4519,3.9599,4.17,22.30,0,0,10:17:1
50.4519,3.9599,4.17,22.30,0,0,10:17:1
50.4519,3.9599,4.17,22.30,0,0,10:17:1
50.4519,3.9599,1.02,22.30,0,0,10:17:2
50.4519,3.9599,1.02,22.30,0,0,10:17:2
50.4519,3.9599,1.02,23.40,0,0,10:17:2
50.4519,3.9599,1.02,23.40,0,0,10:17:2
50.4519,3.9599,1.02,23.40,0,0,10:17:2
50.4519,3.9599,1.02,23.40,0,0,10:17:2
50.4519,3.9599,1.02,23.40,0,0,10:17:2
50.4519,3.9599,1.02,23.40,0,0,10:17:2
50.4518,3.9599,1.56,23.40,0,0,10:17:3
50.4518,3.9599,1.56,23.40,0,0,10:17:3
50.4518,3.9599,1.56,24.50,0,0,10:17:3
50.4518,3.9599,1.56,24.50,0,0,10:17:3
50.4518,3.9599,1.56,24.50,0,0,10:17:3
50.4518,3.9599,1.56,24.50,0,0,10:17:3
50.4518,3.9599,1.56,24.50,0,0,10:17:3
50.4518,3.9599,1.56,24.50,0,0,10:17:3
50.4518,3.9599,1.56,24.50,0,0,10:17:4
50.4518,3.9599,1.56,24.50,0,0,10:17:4
50.4518,3.9599,1.56,24.50,0,0,10:17:4
50.4518,3.9599,1.56,24.50,0,0,10:17:4
50.4518,3.9599,1.56,24.50,0,0,10:17:4
50.4518,3.9599,1.56,24.50,0,0,10:17:4
50.4518,3.9599,1.56,24.50,0,0,10:17:4
50.4518,3.9599,1.56,24.50,0,0,10:17:4
50.4518,3.9599,1.56,24.50,0,0,10:17:5
50.4518,3.9599,1.56,24.50,0,0,10:17:5
50.4518,3.9599,1.56,24.50,0,0,10:17:5
50.4518,3.9599,1.56,24.50,0,0,10:17:5
50.4518,3.9599,1.56,24.50,0,0,10:17:5
50.4518,3.9599,1.56,24.50,0,0,10:17:5
50.4518,3.9599,1.56,24.50,0,0,10:17:5
50.4518,3.9599,1.56,24.50,0,0,10:17:5
50.4518,3.9599,1.56,24.50,0,0,10:17:6
50.4518,3.9599,1.56,24.50,0,0,10:17:6
50.4518,3.9599,1.56,24.50,0,0,10:17:6
50.4518,3.9599,1.56,24.50,0,0,10:17:6
50.4518,3.9599,1.56,24.50,0,0,10:17:6
50.4518,3.9599,1.56,24.50,0,0,10:17:6
50.4518,3.9599,1.56,24.50,0,0,10:17:6
50.4518,3.9599,1.56,24.50,0,0,10:17:6
50.4518,3.9599,1.56,24.50,0,0,10:17:7
50.4518,3.9599,1.56,24.50,0,0,10:17:7
50.4518,3.9599,1.56,24.50,0,0,10:17:7
50.4518,3.9599,1.56,24.50,0,0,10:17:7
50.4518,3.9599,1.56,24.50,0,0,10:17:7
50.4518,3.9599,1.56,24.50,0,0,10:17:7
50.4518,3.9599,1.56,24.50,0,0,10:17:7
50.4518,3.9599,1.56,24.50,0,0,10:17:7
50.4518,3.9599,1.56,24.50,0,0,10:17:8
50.4518,3.9599,1.56,24.50,0,0,10:17:8
50.4518,3.9599,1.56,24.50,0,0,10:17:8
50.4518,3.9599,1.56,24.50,0,0,10:17:8
50.4518,3.9599,1.56,24.50,0,0,10:17:8
50.4518,3.9599,1.56,24.50,0,0,10:17:8
50.4518,3.9599,1.56,24.50,0,0,10:17:8
50.4518,3.9599,1.56,24.50,0,0,10:17:8
50.4518,3.9599,1.56,24.50,0,0,10:17:9
50.4518,3.9599,1.56,24.50,0,0,10:17:9
50.4518,3.9599,1.56,24.50,0,0,10:17:9
50.4518,3.9599,1.56,24.50,0,0,10:17:9
50.4518,3.9599,1.56,24.50,0,0,10:17:9
50.4518,3.9599,1.56,24.50,0,0,10:17:9
50.4518,3.9599,1.56,24.50,0,0,10:17:9
50.4518,3.9599,1.56,24.50,0,0,10:17:9
50.4518,3.9599,1.56,24.50,0,0,10:17:10
50.4518,3.9599,1.56,24.50,0,0,10:17:10
50.4518,3.9599,1.56,24.50,0,0,10:17:10
50.4518,3.9599,1.56,24.50,0,0,10:17:10
50.4518,3.9599,1.56,24.50,0,0,10:17:10
50.4518,3.9599,1.56,24.50,0,0,10:17:10
50.4518,3.9599,1.56,24.50,0,0,10:17:10
50.4518,3.9599,1.56,24.50,0,0,10:17:10
50.4518,3.9599,1.56,24.50,0,0,10:17:11
50.4518,3.9599,1.56,24.50,0,0,10:17:11
50.4518,3.9599,1.56,24.50,0,0,10:17:11
50.4518,3.9599,1.56,24.50,0,0,10:17:11
50.4518,3.9599,1.56,24.50,0,0,10:17:11
50.4518,3.9599,1.56,24.50,0,0,10:17:11
50.4518,3.9599,1.56,24.50,0,0,10:17:11
50.4518,3.9599,1.56,24.50,0,0,10:17:11
50.4518,3.9599,1.56,24.50,0,0,10:17:12
50.4518,3.9599,1.56,24.50,0,0,10:17:12
50.4518,3.9599,1.56,24.50,0,0,10:17:12
50.4518,3.9599,1.56,24.50,0,0,10:17:12
50.4518,3.9599,1.56,24.50,0,0,10:17:12
50.4518,3.9599,1.56,24.50,0,0,10:17:12
50.4518,3.9599,1.56,24.50,0,0,10:17:12
50.4518,3.9599,1.56,24.50,0,0,10:17:12
50.4518,3.9599,1.56,24.50,0,0,10:17:13
50.4518,3.9599,1.56,24.50,0,0,10:17:13
50.4518,3.9599,1.56,24.50,0,0,10:17:13
50.4518,3.9599,1.56,24.50,0,0,10:17:13
50.4518,3.9599,1.56,24.50,0,0,10:17:13
50.4518,3.9599,1.56,24.50,0,0,10:17:13
50.4518,3.9599,1.56,24.50,0,0,10:17:13
50.4518,3.9599,1.56,24.50,0,0,10:17:13
50.4518,3.9599,1.56,24.50,0,0,10:17:14
50.4518,3.9599,1.56,24.50,0,0,10:17:14
50.4518,3.9599,1.56,24.50,0,0,10:17:14
50.4518,3.9599,1.56,24.50,0,0,10:17:14
50.4518,3.9599,1.56,24.50,0,0,10:17:14
50.4518,3.9599,1.56,24.50,0,0,10:17:14
50.4518,3.9599,1.56,24.50,0,0,10:17:14
50.4518,3.9599,1.56,24.50,0,0,10:17:14
50.4518,3.9599,1.56,24.50,0,0,10:17:15
50.4518,3.9599,1.56,24.50,0,0,10:17:15
50.4518,3.9599,1.56,24.50,0,0,10:17:15
50.4518,3.9599,1.56,24.50,0,0,10:17:15
50.4518,3.9599,1.56,24.50,0,0,10:17:15
50.4518,3.9599,1.56,24.50,0,0,10:17:15
50.4518,3.9599,1.56,24.50,0,0,10:17:15
50.4518,3.9599,1.56,24.50,0,0,10:17:15
50.4518,3.9599,1.56,24.50,0,0,10:17:16
50.4518,3.9599,1.56,24.50,0,0,10:17:16
50.4518,3.9599,1.56,24.50,0,0,10:17:16
50.4518,3.9599,1.56,24.50,0,0,10:17:16
50.4518,3.9599,1.56,24.50,0,0,10:17:16
50.4518,3.9599,1.56,24.50,0,0,10:17:16
50.4518,3.9599,1.56,24.50,0,0,10:17:16
50.4518,3.9599,1.56,24.50,0,0,10:17:16
50.4518,3.9599,1.56,24.50,0,0,10:17:17
50.4518,3.9599,1.56,24.50,0,0,10:17:17
50.4518,3.9599,1.56,24.50,0,0,10:17:17
50.4518,3.9599,1.56,24.50,0,0,10:17:17
50.4518,3.9599,1.56,24.50,0,0,10:17:17
50.4518,3.9599,1.56,24.50,0,0,10:17:17
50.4518,3.9599,1.56,24.50,0,0,10:17:17
50.4518,3.9599,1.56,24.50,0,0,10:17:17
50.4518,3.9598,2.15,24.50,0,0,10:17:18
50.4518,3.9598,2.15,24.50,0,0,10:17:18
50.4518,3.9598,2.15,23.30,0,0,10:17:18
50.4518,3.9598,2.15,23.30,0,0,10:17:18
50.4518,3.9598,2.15,23.30,0,0,10:17:18
50.4518,3.9598,2.15,23.30,0,0,10:17:18
50.4518,3.9598,2.15,23.30,0,0,10:17:18
50.4518,3.9598,2.15,23.30,0,0,10:17:18
50.4518,3.9598,3.56,23.30,0,0,10:17:19
50.4518,3.9598,3.56,23.30,0,0,10:17:19
50.4518,3.9598,3.56,22.10,0,0,10:17:19
50.4518,3.9598,3.56,22.10,0,0,10:17:19
50.4518,3.9598,3.56,22.10,0,0,10:17:19
50.4518,3.9598,3.56,22.10,0,0,10:17:19
50.4518,3.9598,3.56,22.10,0,0,10:17:19
50.4518,3.9598,3.56,22.10,0,0,10:17:19
50.4518,3.9598,0.81,22.10,0,0,10:17:20
50.4518,3.9598,0.81,22.10,0,0,10:17:20
50.4518,3.9598,0.81,22.50,0,0,10:17:20
50.4518,3.9598,0.81,22.50,0,0,10:17:20
50.4518,3.9598,0.81,22.50,0,0,10:17:20
50.4518,3.9598,0.81,22.50,0,0,10:17:20
50.4518,3.9598,0.81,22.50,0,0,10:17:20
50.4518,3.9598,0.81,22.50,0,0,10:17:20
50.4518,3.9598,2.43,22.50,0,0,10:17:21
50.4518,3.9598,2.43,22.50,0,0,10:17:21
50.4518,3.9598,2.43,22.70,0,0,10:17:21
50.4518,3.9598,2.43,22.70,0,0,10:17:21
50.4518,3.9598,2.43,22.70,0,0,10:17:21
50.4518,3.9598,2.43,22.70,0,0,10:17:21
50.4518,3.9598,2.43,22.70,0,0,10:17:21
50.4518,3.9598,2.43,22.70,0,0,10:17:21
50.4518,3.9598,2.56,22.70,0,0,10:17:22
50.4518,3.9598,2.56,22.70,0,0,10:17:22
50.4518,3.9598,2.56,21.90,0,0,10:17:22
50.4518,3.9598,2.56,21.90,0,0,10:17:22
50.4518,3.9598,2.56,21.90,0,0,10:17:22
50.4518,3.9598,2.56,21.90,0,0,10:17:22
50.4518,3.9598,2.56,21.90,0,0,10:17:22
50.4518,3.9598,2.56,21.90,0,0,10:17:22
50.4518,3.9598,2.56,21.90,0,0,10:17:23
50.4518,3.9598,2.56,21.90,0,0,10:17:23
50.4518,3.9598,2.56,21.90,0,0,10:17:23
50.4518,3.9598,2.56,21.90,0,0,10:17:23
50.4518,3.9598,2.56,21.90,0,0,10:17:23
50.4518,3.9598,2.56,21.90,0,0,10:17:23
50.4518,3.9598,2.56,21.90,0,0,10:17:23
50.4518,3.9598,2.56,21.90,0,0,10:17:23
50.4518,3.9598,2.56,21.90,0,0,10:17:24
50.4518,3.9598,2.56,21.90,0,0,10:17:24
50.4518,3.9598,2.56,21.90,0,0,10:17:24
50.4518,3.9598,2.56,21.90,0,0,10:17:24
50.4518,3.9598,2.56,21.90,0,0,10:17:24
50.4518,3.9598,2.56,21.90,0,0,10:17:24
50.4518,3.9598,2.56,21.90,0,0,10:17:24
50.4518,3.9598,2.56,21.90,0,0,10:17:24
50.4518,3.9598,2.56,21.90,0,0,10:17:25
50.4518,3.9598,2.56,21.90,0,0,10:17:25
50.4518,3.9598,2.56,21.90,0,0,10:17:25
50.4518,3.9598,2.56,21.90,0,0,10:17:25
50.4518,3.9598,2.56,21.90,0,0,10:17:25
50.4518,3.9598,2.56,21.90,0,0,10:17:25
50.4518,3.9598,2.56,21.90,0,0,10:17:25
50.4518,3.9598,2.56,21.90,0,0,10:17:25
50.4518,3.9598,2.56,21.90,0,0,10:17:26
50.4518,3.9598,2.56,21.90,0,0,10:17:26
50.4518,3.9598,2.56,21.90,0,0,10:17:26
50.4518,3.9598,2.56,21.90,0,0,10:17:26
50.4518,3.9598,2.56,21.90,0,0,10:17:26
50.4518,3.9598,2.56,21.90,0,0,10:17:26
50.4518,3.9598,2.56,21.90,0,0,10:17:26
50.4518,3.9598,2.56,21.90,0,0,10:17:26
50.4518,3.9598,2.56,21.90,0,0,10:17:27
50.4518,3.9598,2.56,21.90,0,0,10:17:27
50.4518,3.9598,2.56,21.90,0,0,10:17:27
50.4518,3.9598,2.56,21.90,0,0,10:17:27
50.4518,3.9598,2.56,21.90,0,0,10:17:27
50.4518,3.9598,2.56,21.90,0,0,10:17:27
50.4518,3.9598,2.56,21.90,0,0,10:17:27
50.4518,3.9598,2.56,21.90,0,0,10:17:27
